# SWB Saddle Point Optimization Results
# Format: Parameter = Real + Imag*j
A1_real = 0.000000000000000e+00
A1_imag = 4.909591015716406e-01
A2_real = 0.000000000000000e+00
A2_imag = 4.909591015716406e-01
A3_real = 0.000000000000000e+00
A3_imag = 4.909591015716406e-01
B1_real = 2.259621524035026e-01
B1_imag = 0.000000000000000e+00
B2_real = -2.259621524035026e-01
B2_imag = 0.000000000000000e+00
B3_real = 2.259621524035026e-01
B3_imag = 0.000000000000000e+00
lambda = 9.378587092879758e-01
